,0,1,2,3,4,5,6,7,8,9,10,11,12,13
0,Pos 	Standing,National Team,World Cups,Champion,Runner-up,PTS,GP,W,D,L,GS,GA,GD,
1,1.,Brazil,22,,2,247,114,76,19,19,237,108,129,
2,2.,Germany,20,,4,225,112,68,21,23,232,130,102,
3,3.,Argentina,18,,3,158,88,47,17,24,152,101,51,
4,4.,Italy,18,,2,156,83,45,21,17,128,77,51,
5,5.,France,16,,2,131,73,39,14,20,136,85,51,
6,6.,England,16,,-,118,74,32,22,20,104,68,36,
7,7.,Spain,16,,-,110,67,31,17,19,108,75,33,
8,8.,Netherlands,11,-,3,104,55,30,14,11,96,52,44,
9,9.,Uruguay,14,,-,88,59,25,13,21,89,76,13,
10,10.,Belgium,14,-,-,73,51,21,10,20,69,74,-5,
11,11.,Sweden,12,-,1,70,51,19,13,19,80,73,7,
12,12.,Russia,11,-,-,67,45,19,10,16,77,54,23,
13,13.,Mexico,17,-,-,66,60,17,15,28,62,101,-39,
14,14.,Serbia,13,-,-,63,49,18,9,22,71,71,0,
15,15.,Portugal,8,-,-,57,35,17,6,12,61,41,20,
